fi 38;2;248;248;242
di 01;38;2;189;147;249
ln 38;2;114;130;181
or 38;2;248;248;242
tw 01;38;2;255;184;108
ow 01;38;2;255;184;108
st 01;38;2;255;184;108
pi 38;2;255;184;108
so 38;2;255;184;108
bd 38;2;255;184;108
cd 38;2;255;184;108
su 01;38;2;255;85;85
sg 01;38;2;255;121;198
ex 01;38;2;80;250;123

*.7z 38;2;255;121;198
*.bz 38;2;255;121;198
*.bz2 38;2;255;121;198
*.gz 38;2;255;121;198
*.jar 38;2;255;121;198
*.rar 38;2;255;121;198
*.tar 38;2;255;121;198
*.tgz 38;2;255;121;198
*.txz 38;2;255;121;198
*.xz 38;2;255;121;198
*.zip 38;2;255;121;198
*.zst 38;2;255;121;198

*.avif 38;2;139;233;253
*.bmp 38;2;139;233;253
*.gif 38;2;139;233;253
*.heic 38;2;139;233;253
*.heif 38;2;139;233;253
*.ico 38;2;139;233;253
*.jpeg 38;2;139;233;253
*.jpg 38;2;139;233;253
*.png 38;2;139;233;253
*.svg 38;2;139;233;253
*.tif 38;2;139;233;253
*.tiff 38;2;139;233;253
*.webp 38;2;139;233;253

*.aac 38;2;241;250;140
*.avi 38;2;241;250;140
*.flac 38;2;241;250;140
*.m4a 38;2;241;250;140
*.mkv 38;2;241;250;140
*.mov 38;2;241;250;140
*.mp3 38;2;241;250;140
*.mp4 38;2;241;250;140
*.ogg 38;2;241;250;140
*.opus 38;2;241;250;140
*.wav 38;2;241;250;140
*.webm 38;2;241;250;140

*.doc 38;2;80;250;123
*.docx 38;2;80;250;123
*.odt 38;2;80;250;123
*.pdf 38;2;80;250;123
*.rtf 38;2;80;250;123
