fi 38;2;248;248;242
di 01;38;2;189;147;249
ln 38;2;139;233;253
or 01;38;2;255;85;85
tw 01;38;2;255;184;108
ow 01;38;2;255;184;108
st 01;38;2;241;250;140
pi 38;2;241;250;140
so 38;2;255;121;198
bd 38;2;255;184;108
cd 38;2;255;184;108
su 01;38;2;255;85;85
sg 01;38;2;255;121;198
ex 01;38;2;80;250;123

*.7z 38;2;255;85;85
*.bz 38;2;255;85;85
*.bz2 38;2;255;85;85
*.deb 38;2;255;85;85
*.gz 38;2;255;85;85
*.jar 38;2;255;85;85
*.rar 38;2;255;85;85
*.rpm 38;2;255;85;85
*.tar 38;2;255;85;85
*.tgz 38;2;255;85;85
*.txz 38;2;255;85;85
*.xz 38;2;255;85;85
*.zip 38;2;255;85;85
*.zst 38;2;255;85;85

*.avif 38;2;255;121;198
*.bmp 38;2;255;121;198
*.gif 38;2;255;121;198
*.heic 38;2;255;121;198
*.jpeg 38;2;255;121;198
*.jpg 38;2;255;121;198
*.png 38;2;255;121;198
*.svg 38;2;255;121;198
*.tif 38;2;255;121;198
*.tiff 38;2;255;121;198
*.webp 38;2;255;121;198

*.avi 38;2;189;147;249
*.mkv 38;2;189;147;249
*.mov 38;2;189;147;249
*.mp4 38;2;189;147;249
*.webm 38;2;189;147;249

*.aac 38;2;139;233;253
*.flac 38;2;139;233;253
*.m4a 38;2;139;233;253
*.mp3 38;2;139;233;253
*.ogg 38;2;139;233;253
*.opus 38;2;139;233;253
*.wav 38;2;139;233;253

*.css 38;2;139;233;253
*.go 38;2;139;233;253
*.html 38;2;255;121;198
*.java 38;2;255;184;108
*.js 38;2;241;250;140
*.json 38;2;241;250;140
*.jsx 38;2;241;250;140
*.lua 38;2;139;233;253
*.md 38;2;189;147;249
*.py 38;2;80;250;123
*.rs 38;2;255;184;108
*.sh 38;2;80;250;123
*.toml 38;2;241;250;140
*.ts 38;2;139;233;253
*.tsx 38;2;139;233;253
*.yaml 38;2;241;250;140
*.yml 38;2;241;250;140

*.csv 38;2;241;250;140
*.db 38;2;255;184;108
*.duckdb 38;2;255;184;108
*.parquet 38;2;241;250;140
*.sqlite 38;2;255;184;108
*.sqlite3 38;2;255;184;108
*.tsv 38;2;241;250;140
*.xlsx 38;2;80;250;123
